0 933 743 262 529 700 508 752 256 256 119 711 351 843 705 108 393 330 366 169 932 917 847 972 868 980 223 549 592 164 169 551 427 190 624 635 920 944 310 862 484 363 301 710 236 876 431 929 397 675 491 190 344 134 425 629 30 727 126 743 334 104 760 749 620 256 932 572 613 490 509 119 405 695 49 327 719 497 824 596 649 356 184 93 245 7 306 509 754 352 665 783 738 801 690 330 337 195 656 963
0 933 743 262 529 700 508 752 256 256 119 711 351 843 705 108 393 330 366 169 932 917 847 972 868 980 223 549 592 164 169 551 427 190 624 635 920 944 310 862 484 363 301 710 236 876 431 929 397 675 491 190 344 134 425 629 30 727 126 743 334 104 760 749 620 256 932 572 613 490 509 119 405 695 49 327 719 497 824 596 649 356 184 93 245 7 306 509 754 352 665 783 738 801 690 330 337 195 656 963
0 743 933 262 529 700 508 752 256 256 119 711 351 843 705 108 393 330 366 169 932 917 847 972 868 980 223 549 592 164 169 551 427 190 624 635 920 944 310 862 484 363 301 710 236 876 431 929 397 675 491 190 344 134 425 629 30 727 126 743 334 104 760 749 620 256 932 572 613 490 509 119 405 695 49 327 719 497 824 596 649 356 184 93 245 7 306 509 754 352 665 783 738 801 690 330 337 195 656 963
0 262 743 933 529 700 508 752 256 256 119 711 351 843 705 108 393 330 366 169 932 917 847 972 868 980 223 549 592 164 169 551 427 190 624 635 920 944 310 862 484 363 301 710 236 876 431 929 397 675 491 190 344 134 425 629 30 727 126 743 334 104 760 749 620 256 932 572 613 490 509 119 405 695 49 327 719 497 824 596 649 356 184 93 245 7 306 509 754 352 665 783 738 801 690 330 337 195 656 963
0 262 529 743 933 700 508 752 256 256 119 711 351 843 705 108 393 330 366 169 932 917 847 972 868 980 223 549 592 164 169 551 427 190 624 635 920 944 310 862 484 363 301 710 236 876 431 929 397 675 491 190 344 134 425 629 30 727 126 743 334 104 760 749 620 256 932 572 613 490 509 119 405 695 49 327 719 497 824 596 649 356 184 93 245 7 306 509 754 352 665 783 738 801 690 330 337 195 656 963
0 262 529 700 743 933 508 752 256 256 119 711 351 843 705 108 393 330 366 169 932 917 847 972 868 980 223 549 592 164 169 551 427 190 624 635 920 944 310 862 484 363 301 710 236 876 431 929 397 675 491 190 344 134 425 629 30 727 126 743 334 104 760 749 620 256 932 572 613 490 509 119 405 695 49 327 719 497 824 596 649 356 184 93 245 7 306 509 754 352 665 783 738 801 690 330 337 195 656 963
0 262 508 529 700 743 933 752 256 256 119 711 351 843 705 108 393 330 366 169 932 917 847 972 868 980 223 549 592 164 169 551 427 190 624 635 920 944 310 862 484 363 301 710 236 876 431 929 397 675 491 190 344 134 425 629 30 727 126 743 334 104 760 749 620 256 932 572 613 490 509 119 405 695 49 327 719 497 824 596 649 356 184 93 245 7 306 509 754 352 665 783 738 801 690 330 337 195 656 963
0 262 508 529 700 743 752 933 256 256 119 711 351 843 705 108 393 330 366 169 932 917 847 972 868 980 223 549 592 164 169 551 427 190 624 635 920 944 310 862 484 363 301 710 236 876 431 929 397 675 491 190 344 134 425 629 30 727 126 743 334 104 760 749 620 256 932 572 613 490 509 119 405 695 49 327 719 497 824 596 649 356 184 93 245 7 306 509 754 352 665 783 738 801 690 330 337 195 656 963
0 256 262 508 529 700 743 752 933 256 119 711 351 843 705 108 393 330 366 169 932 917 847 972 868 980 223 549 592 164 169 551 427 190 624 635 920 944 310 862 484 363 301 710 236 876 431 929 397 675 491 190 344 134 425 629 30 727 126 743 334 104 760 749 620 256 932 572 613 490 509 119 405 695 49 327 719 497 824 596 649 356 184 93 245 7 306 509 754 352 665 783 738 801 690 330 337 195 656 963
0 256 256 262 508 529 700 743 752 933 119 711 351 843 705 108 393 330 366 169 932 917 847 972 868 980 223 549 592 164 169 551 427 190 624 635 920 944 310 862 484 363 301 710 236 876 431 929 397 675 491 190 344 134 425 629 30 727 126 743 334 104 760 749 620 256 932 572 613 490 509 119 405 695 49 327 719 497 824 596 649 356 184 93 245 7 306 509 754 352 665 783 738 801 690 330 337 195 656 963
0 119 256 256 262 508 529 700 743 752 933 711 351 843 705 108 393 330 366 169 932 917 847 972 868 980 223 549 592 164 169 551 427 190 624 635 920 944 310 862 484 363 301 710 236 876 431 929 397 675 491 190 344 134 425 629 30 727 126 743 334 104 760 749 620 256 932 572 613 490 509 119 405 695 49 327 719 497 824 596 649 356 184 93 245 7 306 509 754 352 665 783 738 801 690 330 337 195 656 963
0 119 256 256 262 508 529 700 711 743 752 933 351 843 705 108 393 330 366 169 932 917 847 972 868 980 223 549 592 164 169 551 427 190 624 635 920 944 310 862 484 363 301 710 236 876 431 929 397 675 491 190 344 134 425 629 30 727 126 743 334 104 760 749 620 256 932 572 613 490 509 119 405 695 49 327 719 497 824 596 649 356 184 93 245 7 306 509 754 352 665 783 738 801 690 330 337 195 656 963
0 119 256 256 262 351 508 529 700 711 743 752 933 843 705 108 393 330 366 169 932 917 847 972 868 980 223 549 592 164 169 551 427 190 624 635 920 944 310 862 484 363 301 710 236 876 431 929 397 675 491 190 344 134 425 629 30 727 126 743 334 104 760 749 620 256 932 572 613 490 509 119 405 695 49 327 719 497 824 596 649 356 184 93 245 7 306 509 754 352 665 783 738 801 690 330 337 195 656 963
0 119 256 256 262 351 508 529 700 711 743 752 843 933 705 108 393 330 366 169 932 917 847 972 868 980 223 549 592 164 169 551 427 190 624 635 920 944 310 862 484 363 301 710 236 876 431 929 397 675 491 190 344 134 425 629 30 727 126 743 334 104 760 749 620 256 932 572 613 490 509 119 405 695 49 327 719 497 824 596 649 356 184 93 245 7 306 509 754 352 665 783 738 801 690 330 337 195 656 963
0 119 256 256 262 351 508 529 700 705 711 743 752 843 933 108 393 330 366 169 932 917 847 972 868 980 223 549 592 164 169 551 427 190 624 635 920 944 310 862 484 363 301 710 236 876 431 929 397 675 491 190 344 134 425 629 30 727 126 743 334 104 760 749 620 256 932 572 613 490 509 119 405 695 49 327 719 497 824 596 649 356 184 93 245 7 306 509 754 352 665 783 738 801 690 330 337 195 656 963
0 108 119 256 256 262 351 508 529 700 705 711 743 752 843 933 393 330 366 169 932 917 847 972 868 980 223 549 592 164 169 551 427 190 624 635 920 944 310 862 484 363 301 710 236 876 431 929 397 675 491 190 344 134 425 629 30 727 126 743 334 104 760 749 620 256 932 572 613 490 509 119 405 695 49 327 719 497 824 596 649 356 184 93 245 7 306 509 754 352 665 783 738 801 690 330 337 195 656 963
0 108 119 256 256 262 351 393 508 529 700 705 711 743 752 843 933 330 366 169 932 917 847 972 868 980 223 549 592 164 169 551 427 190 624 635 920 944 310 862 484 363 301 710 236 876 431 929 397 675 491 190 344 134 425 629 30 727 126 743 334 104 760 749 620 256 932 572 613 490 509 119 405 695 49 327 719 497 824 596 649 356 184 93 245 7 306 509 754 352 665 783 738 801 690 330 337 195 656 963
0 108 119 256 256 262 330 351 393 508 529 700 705 711 743 752 843 933 366 169 932 917 847 972 868 980 223 549 592 164 169 551 427 190 624 635 920 944 310 862 484 363 301 710 236 876 431 929 397 675 491 190 344 134 425 629 30 727 126 743 334 104 760 749 620 256 932 572 613 490 509 119 405 695 49 327 719 497 824 596 649 356 184 93 245 7 306 509 754 352 665 783 738 801 690 330 337 195 656 963
0 108 119 256 256 262 330 351 366 393 508 529 700 705 711 743 752 843 933 169 932 917 847 972 868 980 223 549 592 164 169 551 427 190 624 635 920 944 310 862 484 363 301 710 236 876 431 929 397 675 491 190 344 134 425 629 30 727 126 743 334 104 760 749 620 256 932 572 613 490 509 119 405 695 49 327 719 497 824 596 649 356 184 93 245 7 306 509 754 352 665 783 738 801 690 330 337 195 656 963
0 108 119 169 256 256 262 330 351 366 393 508 529 700 705 711 743 752 843 933 932 917 847 972 868 980 223 549 592 164 169 551 427 190 624 635 920 944 310 862 484 363 301 710 236 876 431 929 397 675 491 190 344 134 425 629 30 727 126 743 334 104 760 749 620 256 932 572 613 490 509 119 405 695 49 327 719 497 824 596 649 356 184 93 245 7 306 509 754 352 665 783 738 801 690 330 337 195 656 963
0 108 119 169 256 256 262 330 351 366 393 508 529 700 705 711 743 752 843 932 933 917 847 972 868 980 223 549 592 164 169 551 427 190 624 635 920 944 310 862 484 363 301 710 236 876 431 929 397 675 491 190 344 134 425 629 30 727 126 743 334 104 760 749 620 256 932 572 613 490 509 119 405 695 49 327 719 497 824 596 649 356 184 93 245 7 306 509 754 352 665 783 738 801 690 330 337 195 656 963
0 108 119 169 256 256 262 330 351 366 393 508 529 700 705 711 743 752 843 917 932 933 847 972 868 980 223 549 592 164 169 551 427 190 624 635 920 944 310 862 484 363 301 710 236 876 431 929 397 675 491 190 344 134 425 629 30 727 126 743 334 104 760 749 620 256 932 572 613 490 509 119 405 695 49 327 719 497 824 596 649 356 184 93 245 7 306 509 754 352 665 783 738 801 690 330 337 195 656 963
0 108 119 169 256 256 262 330 351 366 393 508 529 700 705 711 743 752 843 847 917 932 933 972 868 980 223 549 592 164 169 551 427 190 624 635 920 944 310 862 484 363 301 710 236 876 431 929 397 675 491 190 344 134 425 629 30 727 126 743 334 104 760 749 620 256 932 572 613 490 509 119 405 695 49 327 719 497 824 596 649 356 184 93 245 7 306 509 754 352 665 783 738 801 690 330 337 195 656 963
0 108 119 169 256 256 262 330 351 366 393 508 529 700 705 711 743 752 843 847 917 932 933 972 868 980 223 549 592 164 169 551 427 190 624 635 920 944 310 862 484 363 301 710 236 876 431 929 397 675 491 190 344 134 425 629 30 727 126 743 334 104 760 749 620 256 932 572 613 490 509 119 405 695 49 327 719 497 824 596 649 356 184 93 245 7 306 509 754 352 665 783 738 801 690 330 337 195 656 963
0 108 119 169 256 256 262 330 351 366 393 508 529 700 705 711 743 752 843 847 868 917 932 933 972 980 223 549 592 164 169 551 427 190 624 635 920 944 310 862 484 363 301 710 236 876 431 929 397 675 491 190 344 134 425 629 30 727 126 743 334 104 760 749 620 256 932 572 613 490 509 119 405 695 49 327 719 497 824 596 649 356 184 93 245 7 306 509 754 352 665 783 738 801 690 330 337 195 656 963
0 108 119 169 256 256 262 330 351 366 393 508 529 700 705 711 743 752 843 847 868 917 932 933 972 980 223 549 592 164 169 551 427 190 624 635 920 944 310 862 484 363 301 710 236 876 431 929 397 675 491 190 344 134 425 629 30 727 126 743 334 104 760 749 620 256 932 572 613 490 509 119 405 695 49 327 719 497 824 596 649 356 184 93 245 7 306 509 754 352 665 783 738 801 690 330 337 195 656 963
0 108 119 169 223 256 256 262 330 351 366 393 508 529 700 705 711 743 752 843 847 868 917 932 933 972 980 549 592 164 169 551 427 190 624 635 920 944 310 862 484 363 301 710 236 876 431 929 397 675 491 190 344 134 425 629 30 727 126 743 334 104 760 749 620 256 932 572 613 490 509 119 405 695 49 327 719 497 824 596 649 356 184 93 245 7 306 509 754 352 665 783 738 801 690 330 337 195 656 963
0 108 119 169 223 256 256 262 330 351 366 393 508 529 549 700 705 711 743 752 843 847 868 917 932 933 972 980 592 164 169 551 427 190 624 635 920 944 310 862 484 363 301 710 236 876 431 929 397 675 491 190 344 134 425 629 30 727 126 743 334 104 760 749 620 256 932 572 613 490 509 119 405 695 49 327 719 497 824 596 649 356 184 93 245 7 306 509 754 352 665 783 738 801 690 330 337 195 656 963
0 108 119 169 223 256 256 262 330 351 366 393 508 529 549 592 700 705 711 743 752 843 847 868 917 932 933 972 980 164 169 551 427 190 624 635 920 944 310 862 484 363 301 710 236 876 431 929 397 675 491 190 344 134 425 629 30 727 126 743 334 104 760 749 620 256 932 572 613 490 509 119 405 695 49 327 719 497 824 596 649 356 184 93 245 7 306 509 754 352 665 783 738 801 690 330 337 195 656 963
0 108 119 164 169 223 256 256 262 330 351 366 393 508 529 549 592 700 705 711 743 752 843 847 868 917 932 933 972 980 169 551 427 190 624 635 920 944 310 862 484 363 301 710 236 876 431 929 397 675 491 190 344 134 425 629 30 727 126 743 334 104 760 749 620 256 932 572 613 490 509 119 405 695 49 327 719 497 824 596 649 356 184 93 245 7 306 509 754 352 665 783 738 801 690 330 337 195 656 963
0 108 119 164 169 169 223 256 256 262 330 351 366 393 508 529 549 592 700 705 711 743 752 843 847 868 917 932 933 972 980 551 427 190 624 635 920 944 310 862 484 363 301 710 236 876 431 929 397 675 491 190 344 134 425 629 30 727 126 743 334 104 760 749 620 256 932 572 613 490 509 119 405 695 49 327 719 497 824 596 649 356 184 93 245 7 306 509 754 352 665 783 738 801 690 330 337 195 656 963
0 108 119 164 169 169 223 256 256 262 330 351 366 393 508 529 549 551 592 700 705 711 743 752 843 847 868 917 932 933 972 980 427 190 624 635 920 944 310 862 484 363 301 710 236 876 431 929 397 675 491 190 344 134 425 629 30 727 126 743 334 104 760 749 620 256 932 572 613 490 509 119 405 695 49 327 719 497 824 596 649 356 184 93 245 7 306 509 754 352 665 783 738 801 690 330 337 195 656 963
0 108 119 164 169 169 223 256 256 262 330 351 366 393 427 508 529 549 551 592 700 705 711 743 752 843 847 868 917 932 933 972 980 190 624 635 920 944 310 862 484 363 301 710 236 876 431 929 397 675 491 190 344 134 425 629 30 727 126 743 334 104 760 749 620 256 932 572 613 490 509 119 405 695 49 327 719 497 824 596 649 356 184 93 245 7 306 509 754 352 665 783 738 801 690 330 337 195 656 963
0 108 119 164 169 169 190 223 256 256 262 330 351 366 393 427 508 529 549 551 592 700 705 711 743 752 843 847 868 917 932 933 972 980 624 635 920 944 310 862 484 363 301 710 236 876 431 929 397 675 491 190 344 134 425 629 30 727 126 743 334 104 760 749 620 256 932 572 613 490 509 119 405 695 49 327 719 497 824 596 649 356 184 93 245 7 306 509 754 352 665 783 738 801 690 330 337 195 656 963
0 108 119 164 169 169 190 223 256 256 262 330 351 366 393 427 508 529 549 551 592 624 700 705 711 743 752 843 847 868 917 932 933 972 980 635 920 944 310 862 484 363 301 710 236 876 431 929 397 675 491 190 344 134 425 629 30 727 126 743 334 104 760 749 620 256 932 572 613 490 509 119 405 695 49 327 719 497 824 596 649 356 184 93 245 7 306 509 754 352 665 783 738 801 690 330 337 195 656 963
0 108 119 164 169 169 190 223 256 256 262 330 351 366 393 427 508 529 549 551 592 624 635 700 705 711 743 752 843 847 868 917 932 933 972 980 920 944 310 862 484 363 301 710 236 876 431 929 397 675 491 190 344 134 425 629 30 727 126 743 334 104 760 749 620 256 932 572 613 490 509 119 405 695 49 327 719 497 824 596 649 356 184 93 245 7 306 509 754 352 665 783 738 801 690 330 337 195 656 963
0 108 119 164 169 169 190 223 256 256 262 330 351 366 393 427 508 529 549 551 592 624 635 700 705 711 743 752 843 847 868 917 920 932 933 972 980 944 310 862 484 363 301 710 236 876 431 929 397 675 491 190 344 134 425 629 30 727 126 743 334 104 760 749 620 256 932 572 613 490 509 119 405 695 49 327 719 497 824 596 649 356 184 93 245 7 306 509 754 352 665 783 738 801 690 330 337 195 656 963
0 108 119 164 169 169 190 223 256 256 262 330 351 366 393 427 508 529 549 551 592 624 635 700 705 711 743 752 843 847 868 917 920 932 933 944 972 980 310 862 484 363 301 710 236 876 431 929 397 675 491 190 344 134 425 629 30 727 126 743 334 104 760 749 620 256 932 572 613 490 509 119 405 695 49 327 719 497 824 596 649 356 184 93 245 7 306 509 754 352 665 783 738 801 690 330 337 195 656 963
0 108 119 164 169 169 190 223 256 256 262 310 330 351 366 393 427 508 529 549 551 592 624 635 700 705 711 743 752 843 847 868 917 920 932 933 944 972 980 862 484 363 301 710 236 876 431 929 397 675 491 190 344 134 425 629 30 727 126 743 334 104 760 749 620 256 932 572 613 490 509 119 405 695 49 327 719 497 824 596 649 356 184 93 245 7 306 509 754 352 665 783 738 801 690 330 337 195 656 963
0 108 119 164 169 169 190 223 256 256 262 310 330 351 366 393 427 508 529 549 551 592 624 635 700 705 711 743 752 843 847 862 868 917 920 932 933 944 972 980 484 363 301 710 236 876 431 929 397 675 491 190 344 134 425 629 30 727 126 743 334 104 760 749 620 256 932 572 613 490 509 119 405 695 49 327 719 497 824 596 649 356 184 93 245 7 306 509 754 352 665 783 738 801 690 330 337 195 656 963
0 108 119 164 169 169 190 223 256 256 262 310 330 351 366 393 427 484 508 529 549 551 592 624 635 700 705 711 743 752 843 847 862 868 917 920 932 933 944 972 980 363 301 710 236 876 431 929 397 675 491 190 344 134 425 629 30 727 126 743 334 104 760 749 620 256 932 572 613 490 509 119 405 695 49 327 719 497 824 596 649 356 184 93 245 7 306 509 754 352 665 783 738 801 690 330 337 195 656 963
0 108 119 164 169 169 190 223 256 256 262 310 330 351 363 366 393 427 484 508 529 549 551 592 624 635 700 705 711 743 752 843 847 862 868 917 920 932 933 944 972 980 301 710 236 876 431 929 397 675 491 190 344 134 425 629 30 727 126 743 334 104 760 749 620 256 932 572 613 490 509 119 405 695 49 327 719 497 824 596 649 356 184 93 245 7 306 509 754 352 665 783 738 801 690 330 337 195 656 963
0 108 119 164 169 169 190 223 256 256 262 301 310 330 351 363 366 393 427 484 508 529 549 551 592 624 635 700 705 711 743 752 843 847 862 868 917 920 932 933 944 972 980 710 236 876 431 929 397 675 491 190 344 134 425 629 30 727 126 743 334 104 760 749 620 256 932 572 613 490 509 119 405 695 49 327 719 497 824 596 649 356 184 93 245 7 306 509 754 352 665 783 738 801 690 330 337 195 656 963
0 108 119 164 169 169 190 223 256 256 262 301 310 330 351 363 366 393 427 484 508 529 549 551 592 624 635 700 705 710 711 743 752 843 847 862 868 917 920 932 933 944 972 980 236 876 431 929 397 675 491 190 344 134 425 629 30 727 126 743 334 104 760 749 620 256 932 572 613 490 509 119 405 695 49 327 719 497 824 596 649 356 184 93 245 7 306 509 754 352 665 783 738 801 690 330 337 195 656 963
0 108 119 164 169 169 190 223 236 256 256 262 301 310 330 351 363 366 393 427 484 508 529 549 551 592 624 635 700 705 710 711 743 752 843 847 862 868 917 920 932 933 944 972 980 876 431 929 397 675 491 190 344 134 425 629 30 727 126 743 334 104 760 749 620 256 932 572 613 490 509 119 405 695 49 327 719 497 824 596 649 356 184 93 245 7 306 509 754 352 665 783 738 801 690 330 337 195 656 963
0 108 119 164 169 169 190 223 236 256 256 262 301 310 330 351 363 366 393 427 484 508 529 549 551 592 624 635 700 705 710 711 743 752 843 847 862 868 876 917 920 932 933 944 972 980 431 929 397 675 491 190 344 134 425 629 30 727 126 743 334 104 760 749 620 256 932 572 613 490 509 119 405 695 49 327 719 497 824 596 649 356 184 93 245 7 306 509 754 352 665 783 738 801 690 330 337 195 656 963
0 108 119 164 169 169 190 223 236 256 256 262 301 310 330 351 363 366 393 427 431 484 508 529 549 551 592 624 635 700 705 710 711 743 752 843 847 862 868 876 917 920 932 933 944 972 980 929 397 675 491 190 344 134 425 629 30 727 126 743 334 104 760 749 620 256 932 572 613 490 509 119 405 695 49 327 719 497 824 596 649 356 184 93 245 7 306 509 754 352 665 783 738 801 690 330 337 195 656 963
0 108 119 164 169 169 190 223 236 256 256 262 301 310 330 351 363 366 393 427 431 484 508 529 549 551 592 624 635 700 705 710 711 743 752 843 847 862 868 876 917 920 929 932 933 944 972 980 397 675 491 190 344 134 425 629 30 727 126 743 334 104 760 749 620 256 932 572 613 490 509 119 405 695 49 327 719 497 824 596 649 356 184 93 245 7 306 509 754 352 665 783 738 801 690 330 337 195 656 963
0 108 119 164 169 169 190 223 236 256 256 262 301 310 330 351 363 366 393 397 427 431 484 508 529 549 551 592 624 635 700 705 710 711 743 752 843 847 862 868 876 917 920 929 932 933 944 972 980 675 491 190 344 134 425 629 30 727 126 743 334 104 760 749 620 256 932 572 613 490 509 119 405 695 49 327 719 497 824 596 649 356 184 93 245 7 306 509 754 352 665 783 738 801 690 330 337 195 656 963
0 108 119 164 169 169 190 223 236 256 256 262 301 310 330 351 363 366 393 397 427 431 484 508 529 549 551 592 624 635 675 700 705 710 711 743 752 843 847 862 868 876 917 920 929 932 933 944 972 980 491 190 344 134 425 629 30 727 126 743 334 104 760 749 620 256 932 572 613 490 509 119 405 695 49 327 719 497 824 596 649 356 184 93 245 7 306 509 754 352 665 783 738 801 690 330 337 195 656 963
0 108 119 164 169 169 190 223 236 256 256 262 301 310 330 351 363 366 393 397 427 431 484 491 508 529 549 551 592 624 635 675 700 705 710 711 743 752 843 847 862 868 876 917 920 929 932 933 944 972 980 190 344 134 425 629 30 727 126 743 334 104 760 749 620 256 932 572 613 490 509 119 405 695 49 327 719 497 824 596 649 356 184 93 245 7 306 509 754 352 665 783 738 801 690 330 337 195 656 963
0 108 119 164 169 169 190 190 223 236 256 256 262 301 310 330 351 363 366 393 397 427 431 484 491 508 529 549 551 592 624 635 675 700 705 710 711 743 752 843 847 862 868 876 917 920 929 932 933 944 972 980 344 134 425 629 30 727 126 743 334 104 760 749 620 256 932 572 613 490 509 119 405 695 49 327 719 497 824 596 649 356 184 93 245 7 306 509 754 352 665 783 738 801 690 330 337 195 656 963
0 108 119 164 169 169 190 190 223 236 256 256 262 301 310 330 344 351 363 366 393 397 427 431 484 491 508 529 549 551 592 624 635 675 700 705 710 711 743 752 843 847 862 868 876 917 920 929 932 933 944 972 980 134 425 629 30 727 126 743 334 104 760 749 620 256 932 572 613 490 509 119 405 695 49 327 719 497 824 596 649 356 184 93 245 7 306 509 754 352 665 783 738 801 690 330 337 195 656 963
0 108 119 134 164 169 169 190 190 223 236 256 256 262 301 310 330 344 351 363 366 393 397 427 431 484 491 508 529 549 551 592 624 635 675 700 705 710 711 743 752 843 847 862 868 876 917 920 929 932 933 944 972 980 425 629 30 727 126 743 334 104 760 749 620 256 932 572 613 490 509 119 405 695 49 327 719 497 824 596 649 356 184 93 245 7 306 509 754 352 665 783 738 801 690 330 337 195 656 963
0 108 119 134 164 169 169 190 190 223 236 256 256 262 301 310 330 344 351 363 366 393 397 425 427 431 484 491 508 529 549 551 592 624 635 675 700 705 710 711 743 752 843 847 862 868 876 917 920 929 932 933 944 972 980 629 30 727 126 743 334 104 760 749 620 256 932 572 613 490 509 119 405 695 49 327 719 497 824 596 649 356 184 93 245 7 306 509 754 352 665 783 738 801 690 330 337 195 656 963
0 108 119 134 164 169 169 190 190 223 236 256 256 262 301 310 330 344 351 363 366 393 397 425 427 431 484 491 508 529 549 551 592 624 629 635 675 700 705 710 711 743 752 843 847 862 868 876 917 920 929 932 933 944 972 980 30 727 126 743 334 104 760 749 620 256 932 572 613 490 509 119 405 695 49 327 719 497 824 596 649 356 184 93 245 7 306 509 754 352 665 783 738 801 690 330 337 195 656 963
0 30 108 119 134 164 169 169 190 190 223 236 256 256 262 301 310 330 344 351 363 366 393 397 425 427 431 484 491 508 529 549 551 592 624 629 635 675 700 705 710 711 743 752 843 847 862 868 876 917 920 929 932 933 944 972 980 727 126 743 334 104 760 749 620 256 932 572 613 490 509 119 405 695 49 327 719 497 824 596 649 356 184 93 245 7 306 509 754 352 665 783 738 801 690 330 337 195 656 963
0 30 108 119 134 164 169 169 190 190 223 236 256 256 262 301 310 330 344 351 363 366 393 397 425 427 431 484 491 508 529 549 551 592 624 629 635 675 700 705 710 711 727 743 752 843 847 862 868 876 917 920 929 932 933 944 972 980 126 743 334 104 760 749 620 256 932 572 613 490 509 119 405 695 49 327 719 497 824 596 649 356 184 93 245 7 306 509 754 352 665 783 738 801 690 330 337 195 656 963
0 30 108 119 126 134 164 169 169 190 190 223 236 256 256 262 301 310 330 344 351 363 366 393 397 425 427 431 484 491 508 529 549 551 592 624 629 635 675 700 705 710 711 727 743 752 843 847 862 868 876 917 920 929 932 933 944 972 980 743 334 104 760 749 620 256 932 572 613 490 509 119 405 695 49 327 719 497 824 596 649 356 184 93 245 7 306 509 754 352 665 783 738 801 690 330 337 195 656 963
0 30 108 119 126 134 164 169 169 190 190 223 236 256 256 262 301 310 330 344 351 363 366 393 397 425 427 431 484 491 508 529 549 551 592 624 629 635 675 700 705 710 711 727 743 743 752 843 847 862 868 876 917 920 929 932 933 944 972 980 334 104 760 749 620 256 932 572 613 490 509 119 405 695 49 327 719 497 824 596 649 356 184 93 245 7 306 509 754 352 665 783 738 801 690 330 337 195 656 963
0 30 108 119 126 134 164 169 169 190 190 223 236 256 256 262 301 310 330 334 344 351 363 366 393 397 425 427 431 484 491 508 529 549 551 592 624 629 635 675 700 705 710 711 727 743 743 752 843 847 862 868 876 917 920 929 932 933 944 972 980 104 760 749 620 256 932 572 613 490 509 119 405 695 49 327 719 497 824 596 649 356 184 93 245 7 306 509 754 352 665 783 738 801 690 330 337 195 656 963
0 30 104 108 119 126 134 164 169 169 190 190 223 236 256 256 262 301 310 330 334 344 351 363 366 393 397 425 427 431 484 491 508 529 549 551 592 624 629 635 675 700 705 710 711 727 743 743 752 843 847 862 868 876 917 920 929 932 933 944 972 980 760 749 620 256 932 572 613 490 509 119 405 695 49 327 719 497 824 596 649 356 184 93 245 7 306 509 754 352 665 783 738 801 690 330 337 195 656 963
0 30 104 108 119 126 134 164 169 169 190 190 223 236 256 256 262 301 310 330 334 344 351 363 366 393 397 425 427 431 484 491 508 529 549 551 592 624 629 635 675 700 705 710 711 727 743 743 752 760 843 847 862 868 876 917 920 929 932 933 944 972 980 749 620 256 932 572 613 490 509 119 405 695 49 327 719 497 824 596 649 356 184 93 245 7 306 509 754 352 665 783 738 801 690 330 337 195 656 963
0 30 104 108 119 126 134 164 169 169 190 190 223 236 256 256 262 301 310 330 334 344 351 363 366 393 397 425 427 431 484 491 508 529 549 551 592 624 629 635 675 700 705 710 711 727 743 743 749 752 760 843 847 862 868 876 917 920 929 932 933 944 972 980 620 256 932 572 613 490 509 119 405 695 49 327 719 497 824 596 649 356 184 93 245 7 306 509 754 352 665 783 738 801 690 330 337 195 656 963
0 30 104 108 119 126 134 164 169 169 190 190 223 236 256 256 262 301 310 330 334 344 351 363 366 393 397 425 427 431 484 491 508 529 549 551 592 620 624 629 635 675 700 705 710 711 727 743 743 749 752 760 843 847 862 868 876 917 920 929 932 933 944 972 980 256 932 572 613 490 509 119 405 695 49 327 719 497 824 596 649 356 184 93 245 7 306 509 754 352 665 783 738 801 690 330 337 195 656 963
0 30 104 108 119 126 134 164 169 169 190 190 223 236 256 256 256 262 301 310 330 334 344 351 363 366 393 397 425 427 431 484 491 508 529 549 551 592 620 624 629 635 675 700 705 710 711 727 743 743 749 752 760 843 847 862 868 876 917 920 929 932 933 944 972 980 932 572 613 490 509 119 405 695 49 327 719 497 824 596 649 356 184 93 245 7 306 509 754 352 665 783 738 801 690 330 337 195 656 963
0 30 104 108 119 126 134 164 169 169 190 190 223 236 256 256 256 262 301 310 330 334 344 351 363 366 393 397 425 427 431 484 491 508 529 549 551 592 620 624 629 635 675 700 705 710 711 727 743 743 749 752 760 843 847 862 868 876 917 920 929 932 932 933 944 972 980 572 613 490 509 119 405 695 49 327 719 497 824 596 649 356 184 93 245 7 306 509 754 352 665 783 738 801 690 330 337 195 656 963
0 30 104 108 119 126 134 164 169 169 190 190 223 236 256 256 256 262 301 310 330 334 344 351 363 366 393 397 425 427 431 484 491 508 529 549 551 572 592 620 624 629 635 675 700 705 710 711 727 743 743 749 752 760 843 847 862 868 876 917 920 929 932 932 933 944 972 980 613 490 509 119 405 695 49 327 719 497 824 596 649 356 184 93 245 7 306 509 754 352 665 783 738 801 690 330 337 195 656 963
0 30 104 108 119 126 134 164 169 169 190 190 223 236 256 256 256 262 301 310 330 334 344 351 363 366 393 397 425 427 431 484 491 508 529 549 551 572 592 613 620 624 629 635 675 700 705 710 711 727 743 743 749 752 760 843 847 862 868 876 917 920 929 932 932 933 944 972 980 490 509 119 405 695 49 327 719 497 824 596 649 356 184 93 245 7 306 509 754 352 665 783 738 801 690 330 337 195 656 963
0 30 104 108 119 126 134 164 169 169 190 190 223 236 256 256 256 262 301 310 330 334 344 351 363 366 393 397 425 427 431 484 490 491 508 529 549 551 572 592 613 620 624 629 635 675 700 705 710 711 727 743 743 749 752 760 843 847 862 868 876 917 920 929 932 932 933 944 972 980 509 119 405 695 49 327 719 497 824 596 649 356 184 93 245 7 306 509 754 352 665 783 738 801 690 330 337 195 656 963
0 30 104 108 119 126 134 164 169 169 190 190 223 236 256 256 256 262 301 310 330 334 344 351 363 366 393 397 425 427 431 484 490 491 508 509 529 549 551 572 592 613 620 624 629 635 675 700 705 710 711 727 743 743 749 752 760 843 847 862 868 876 917 920 929 932 932 933 944 972 980 119 405 695 49 327 719 497 824 596 649 356 184 93 245 7 306 509 754 352 665 783 738 801 690 330 337 195 656 963
0 30 104 108 119 119 126 134 164 169 169 190 190 223 236 256 256 256 262 301 310 330 334 344 351 363 366 393 397 425 427 431 484 490 491 508 509 529 549 551 572 592 613 620 624 629 635 675 700 705 710 711 727 743 743 749 752 760 843 847 862 868 876 917 920 929 932 932 933 944 972 980 405 695 49 327 719 497 824 596 649 356 184 93 245 7 306 509 754 352 665 783 738 801 690 330 337 195 656 963
0 30 104 108 119 119 126 134 164 169 169 190 190 223 236 256 256 256 262 301 310 330 334 344 351 363 366 393 397 405 425 427 431 484 490 491 508 509 529 549 551 572 592 613 620 624 629 635 675 700 705 710 711 727 743 743 749 752 760 843 847 862 868 876 917 920 929 932 932 933 944 972 980 695 49 327 719 497 824 596 649 356 184 93 245 7 306 509 754 352 665 783 738 801 690 330 337 195 656 963
0 30 104 108 119 119 126 134 164 169 169 190 190 223 236 256 256 256 262 301 310 330 334 344 351 363 366 393 397 405 425 427 431 484 490 491 508 509 529 549 551 572 592 613 620 624 629 635 675 695 700 705 710 711 727 743 743 749 752 760 843 847 862 868 876 917 920 929 932 932 933 944 972 980 49 327 719 497 824 596 649 356 184 93 245 7 306 509 754 352 665 783 738 801 690 330 337 195 656 963
0 30 49 104 108 119 119 126 134 164 169 169 190 190 223 236 256 256 256 262 301 310 330 334 344 351 363 366 393 397 405 425 427 431 484 490 491 508 509 529 549 551 572 592 613 620 624 629 635 675 695 700 705 710 711 727 743 743 749 752 760 843 847 862 868 876 917 920 929 932 932 933 944 972 980 327 719 497 824 596 649 356 184 93 245 7 306 509 754 352 665 783 738 801 690 330 337 195 656 963
0 30 49 104 108 119 119 126 134 164 169 169 190 190 223 236 256 256 256 262 301 310 327 330 334 344 351 363 366 393 397 405 425 427 431 484 490 491 508 509 529 549 551 572 592 613 620 624 629 635 675 695 700 705 710 711 727 743 743 749 752 760 843 847 862 868 876 917 920 929 932 932 933 944 972 980 719 497 824 596 649 356 184 93 245 7 306 509 754 352 665 783 738 801 690 330 337 195 656 963
0 30 49 104 108 119 119 126 134 164 169 169 190 190 223 236 256 256 256 262 301 310 327 330 334 344 351 363 366 393 397 405 425 427 431 484 490 491 508 509 529 549 551 572 592 613 620 624 629 635 675 695 700 705 710 711 719 727 743 743 749 752 760 843 847 862 868 876 917 920 929 932 932 933 944 972 980 497 824 596 649 356 184 93 245 7 306 509 754 352 665 783 738 801 690 330 337 195 656 963
0 30 49 104 108 119 119 126 134 164 169 169 190 190 223 236 256 256 256 262 301 310 327 330 334 344 351 363 366 393 397 405 425 427 431 484 490 491 497 508 509 529 549 551 572 592 613 620 624 629 635 675 695 700 705 710 711 719 727 743 743 749 752 760 843 847 862 868 876 917 920 929 932 932 933 944 972 980 824 596 649 356 184 93 245 7 306 509 754 352 665 783 738 801 690 330 337 195 656 963
0 30 49 104 108 119 119 126 134 164 169 169 190 190 223 236 256 256 256 262 301 310 327 330 334 344 351 363 366 393 397 405 425 427 431 484 490 491 497 508 509 529 549 551 572 592 613 620 624 629 635 675 695 700 705 710 711 719 727 743 743 749 752 760 824 843 847 862 868 876 917 920 929 932 932 933 944 972 980 596 649 356 184 93 245 7 306 509 754 352 665 783 738 801 690 330 337 195 656 963
0 30 49 104 108 119 119 126 134 164 169 169 190 190 223 236 256 256 256 262 301 310 327 330 334 344 351 363 366 393 397 405 425 427 431 484 490 491 497 508 509 529 549 551 572 592 596 613 620 624 629 635 675 695 700 705 710 711 719 727 743 743 749 752 760 824 843 847 862 868 876 917 920 929 932 932 933 944 972 980 649 356 184 93 245 7 306 509 754 352 665 783 738 801 690 330 337 195 656 963
0 30 49 104 108 119 119 126 134 164 169 169 190 190 223 236 256 256 256 262 301 310 327 330 334 344 351 363 366 393 397 405 425 427 431 484 490 491 497 508 509 529 549 551 572 592 596 613 620 624 629 635 649 675 695 700 705 710 711 719 727 743 743 749 752 760 824 843 847 862 868 876 917 920 929 932 932 933 944 972 980 356 184 93 245 7 306 509 754 352 665 783 738 801 690 330 337 195 656 963
0 30 49 104 108 119 119 126 134 164 169 169 190 190 223 236 256 256 256 262 301 310 327 330 334 344 351 356 363 366 393 397 405 425 427 431 484 490 491 497 508 509 529 549 551 572 592 596 613 620 624 629 635 649 675 695 700 705 710 711 719 727 743 743 749 752 760 824 843 847 862 868 876 917 920 929 932 932 933 944 972 980 184 93 245 7 306 509 754 352 665 783 738 801 690 330 337 195 656 963
0 30 49 104 108 119 119 126 134 164 169 169 184 190 190 223 236 256 256 256 262 301 310 327 330 334 344 351 356 363 366 393 397 405 425 427 431 484 490 491 497 508 509 529 549 551 572 592 596 613 620 624 629 635 649 675 695 700 705 710 711 719 727 743 743 749 752 760 824 843 847 862 868 876 917 920 929 932 932 933 944 972 980 93 245 7 306 509 754 352 665 783 738 801 690 330 337 195 656 963
0 30 49 93 104 108 119 119 126 134 164 169 169 184 190 190 223 236 256 256 256 262 301 310 327 330 334 344 351 356 363 366 393 397 405 425 427 431 484 490 491 497 508 509 529 549 551 572 592 596 613 620 624 629 635 649 675 695 700 705 710 711 719 727 743 743 749 752 760 824 843 847 862 868 876 917 920 929 932 932 933 944 972 980 245 7 306 509 754 352 665 783 738 801 690 330 337 195 656 963
0 30 49 93 104 108 119 119 126 134 164 169 169 184 190 190 223 236 245 256 256 256 262 301 310 327 330 334 344 351 356 363 366 393 397 405 425 427 431 484 490 491 497 508 509 529 549 551 572 592 596 613 620 624 629 635 649 675 695 700 705 710 711 719 727 743 743 749 752 760 824 843 847 862 868 876 917 920 929 932 932 933 944 972 980 7 306 509 754 352 665 783 738 801 690 330 337 195 656 963
0 7 30 49 93 104 108 119 119 126 134 164 169 169 184 190 190 223 236 245 256 256 256 262 301 310 327 330 334 344 351 356 363 366 393 397 405 425 427 431 484 490 491 497 508 509 529 549 551 572 592 596 613 620 624 629 635 649 675 695 700 705 710 711 719 727 743 743 749 752 760 824 843 847 862 868 876 917 920 929 932 932 933 944 972 980 306 509 754 352 665 783 738 801 690 330 337 195 656 963
0 7 30 49 93 104 108 119 119 126 134 164 169 169 184 190 190 223 236 245 256 256 256 262 301 306 310 327 330 334 344 351 356 363 366 393 397 405 425 427 431 484 490 491 497 508 509 529 549 551 572 592 596 613 620 624 629 635 649 675 695 700 705 710 711 719 727 743 743 749 752 760 824 843 847 862 868 876 917 920 929 932 932 933 944 972 980 509 754 352 665 783 738 801 690 330 337 195 656 963
0 7 30 49 93 104 108 119 119 126 134 164 169 169 184 190 190 223 236 245 256 256 256 262 301 306 310 327 330 334 344 351 356 363 366 393 397 405 425 427 431 484 490 491 497 508 509 509 529 549 551 572 592 596 613 620 624 629 635 649 675 695 700 705 710 711 719 727 743 743 749 752 760 824 843 847 862 868 876 917 920 929 932 932 933 944 972 980 754 352 665 783 738 801 690 330 337 195 656 963
0 7 30 49 93 104 108 119 119 126 134 164 169 169 184 190 190 223 236 245 256 256 256 262 301 306 310 327 330 334 344 351 356 363 366 393 397 405 425 427 431 484 490 491 497 508 509 509 529 549 551 572 592 596 613 620 624 629 635 649 675 695 700 705 710 711 719 727 743 743 749 752 754 760 824 843 847 862 868 876 917 920 929 932 932 933 944 972 980 352 665 783 738 801 690 330 337 195 656 963
0 7 30 49 93 104 108 119 119 126 134 164 169 169 184 190 190 223 236 245 256 256 256 262 301 306 310 327 330 334 344 351 352 356 363 366 393 397 405 425 427 431 484 490 491 497 508 509 509 529 549 551 572 592 596 613 620 624 629 635 649 675 695 700 705 710 711 719 727 743 743 749 752 754 760 824 843 847 862 868 876 917 920 929 932 932 933 944 972 980 665 783 738 801 690 330 337 195 656 963
0 7 30 49 93 104 108 119 119 126 134 164 169 169 184 190 190 223 236 245 256 256 256 262 301 306 310 327 330 334 344 351 352 356 363 366 393 397 405 425 427 431 484 490 491 497 508 509 509 529 549 551 572 592 596 613 620 624 629 635 649 665 675 695 700 705 710 711 719 727 743 743 749 752 754 760 824 843 847 862 868 876 917 920 929 932 932 933 944 972 980 783 738 801 690 330 337 195 656 963
0 7 30 49 93 104 108 119 119 126 134 164 169 169 184 190 190 223 236 245 256 256 256 262 301 306 310 327 330 334 344 351 352 356 363 366 393 397 405 425 427 431 484 490 491 497 508 509 509 529 549 551 572 592 596 613 620 624 629 635 649 665 675 695 700 705 710 711 719 727 743 743 749 752 754 760 783 824 843 847 862 868 876 917 920 929 932 932 933 944 972 980 738 801 690 330 337 195 656 963
0 7 30 49 93 104 108 119 119 126 134 164 169 169 184 190 190 223 236 245 256 256 256 262 301 306 310 327 330 334 344 351 352 356 363 366 393 397 405 425 427 431 484 490 491 497 508 509 509 529 549 551 572 592 596 613 620 624 629 635 649 665 675 695 700 705 710 711 719 727 738 743 743 749 752 754 760 783 824 843 847 862 868 876 917 920 929 932 932 933 944 972 980 801 690 330 337 195 656 963
0 7 30 49 93 104 108 119 119 126 134 164 169 169 184 190 190 223 236 245 256 256 256 262 301 306 310 327 330 334 344 351 352 356 363 366 393 397 405 425 427 431 484 490 491 497 508 509 509 529 549 551 572 592 596 613 620 624 629 635 649 665 675 695 700 705 710 711 719 727 738 743 743 749 752 754 760 783 801 824 843 847 862 868 876 917 920 929 932 932 933 944 972 980 690 330 337 195 656 963
0 7 30 49 93 104 108 119 119 126 134 164 169 169 184 190 190 223 236 245 256 256 256 262 301 306 310 327 330 334 344 351 352 356 363 366 393 397 405 425 427 431 484 490 491 497 508 509 509 529 549 551 572 592 596 613 620 624 629 635 649 665 675 690 695 700 705 710 711 719 727 738 743 743 749 752 754 760 783 801 824 843 847 862 868 876 917 920 929 932 932 933 944 972 980 330 337 195 656 963
0 7 30 49 93 104 108 119 119 126 134 164 169 169 184 190 190 223 236 245 256 256 256 262 301 306 310 327 330 330 334 344 351 352 356 363 366 393 397 405 425 427 431 484 490 491 497 508 509 509 529 549 551 572 592 596 613 620 624 629 635 649 665 675 690 695 700 705 710 711 719 727 738 743 743 749 752 754 760 783 801 824 843 847 862 868 876 917 920 929 932 932 933 944 972 980 337 195 656 963
0 7 30 49 93 104 108 119 119 126 134 164 169 169 184 190 190 223 236 245 256 256 256 262 301 306 310 327 330 330 334 337 344 351 352 356 363 366 393 397 405 425 427 431 484 490 491 497 508 509 509 529 549 551 572 592 596 613 620 624 629 635 649 665 675 690 695 700 705 710 711 719 727 738 743 743 749 752 754 760 783 801 824 843 847 862 868 876 917 920 929 932 932 933 944 972 980 195 656 963
0 7 30 49 93 104 108 119 119 126 134 164 169 169 184 190 190 195 223 236 245 256 256 256 262 301 306 310 327 330 330 334 337 344 351 352 356 363 366 393 397 405 425 427 431 484 490 491 497 508 509 509 529 549 551 572 592 596 613 620 624 629 635 649 665 675 690 695 700 705 710 711 719 727 738 743 743 749 752 754 760 783 801 824 843 847 862 868 876 917 920 929 932 932 933 944 972 980 656 963
0 7 30 49 93 104 108 119 119 126 134 164 169 169 184 190 190 195 223 236 245 256 256 256 262 301 306 310 327 330 330 334 337 344 351 352 356 363 366 393 397 405 425 427 431 484 490 491 497 508 509 509 529 549 551 572 592 596 613 620 624 629 635 649 656 665 675 690 695 700 705 710 711 719 727 738 743 743 749 752 754 760 783 801 824 843 847 862 868 876 917 920 929 932 932 933 944 972 980 963
0 7 30 49 93 104 108 119 119 126 134 164 169 169 184 190 190 195 223 236 245 256 256 256 262 301 306 310 327 330 330 334 337 344 351 352 356 363 366 393 397 405 425 427 431 484 490 491 497 508 509 509 529 549 551 572 592 596 613 620 624 629 635 649 656 665 675 690 695 700 705 710 711 719 727 738 743 743 749 752 754 760 783 801 824 843 847 862 868 876 917 920 929 932 932 933 944 963 972 980
